-89 -75 -69 -98 -91 -20 -68 -18 -10 68 50 -85 15 -54 -40 -19 -95 56 57 -3 33 -1 -85 -61 51 -76 -66 74 -55 -91 -99 79 67 -35 -17 62 67 2 -47 -11 4 58 -73 65 -1 -54 -24 72 76 90 -18 87 27 40 3 -31 -77 -30 93 -76 -1 -7 50 -26 82 20 47 22 -53 -63 37 13 -41 46 -65 -60 -35 -80 -87 -34 -76 -32 66 28 -43 60 -56 79 51 82 55 -80 -29 -18 -38 -86 76 -17 -23 29
-12 -91 -45 77 92 -89 -9 -66 77 -48 -70 81 75 -5 85 86 66 -61 72 -22 -18 45 -85 68 58 53 67 -87 -83 -68 24 -46 -72 -88 97 3 71 33 -14 -32 6 22 92 -62 87 43 -10 6 98 44 96 27 23 -76 93 -58 77 46 73 48 -25 31 46 94 -66 4 -72 61 46 -4 -65 54 -26 58 -54 -31 -35 -67 -66 98 70 77 77 -41 56 26 -62 -50 -61 80 28 -65 -80 44 -10 -72 -39 -81 3 -26
64 -37 -17 -72 -58 -89 -42 50 -70 -76 -91 99 15 -66 -30 -52 11 21 -70 38 -66 15 15 -69 8 -54 -9 38 10 53 -54 0 -65 74 31 -59 -71 -8 -33 -26 -67 -25 89 -40 47 49 24 100 -75 9 90 1 -14 -18 -14 -63 -38 -9 -49 -1 -84 35 -98 -56 -98 -70 -14 -49 64 42 -23 49 -12 100 -86 51 -30 58 -89 61 34 47 58 -81 -49 -62 -16 2 16 34 36 -30 -15 11 -99 41 -78 88 -78 -7
-92 99 -40 92 -8 -85 -60 -74 -53 12 -37 18 -39 -3 9 7 54 -73 49 57 31 2 -67 -35 -27 -84 -2 68 -97 -34 68 -85 -77 87 -25 -23 -92 17 20 27 34 -55 26 37 35 -17 27 34 -59 94 4 28 -28 40 -70 22 -23 28 99 -35 46 9 -65 -4 62 -97 35 -9 49 44 -74 -19 -49 -49 -56 -36 -71 10 -69 55 -67 -19 11 -72 -5 -63 -2 -44 -37 69 14 -52 19 -58 56 -95 -62 74 -96 -44
-28 -70 1 -57 53 89 1 -53 95 100 55 -14 -34 -54 -80 -49 33 32 -40 -59 -41 60 0 48 62 -74 38 14 -87 -24 -69 -83 73 88 -34 14 -51 -73 96 -17 -47 -53 61 78 -100 47 -34 -51 -65 -90 -67 97 -65 -67 -96 57 47 -81 -17 -39 -100 -22 61 -59 26 -55 35 -54 65 24 -92 -73 69 -47 -87 23 -76 -34 -30 -43 -87 95 -95 -52 26 35 -19 -36 39 99 30 100 -22 45 -12 71 70 -37 -65 -22
85 -1 -25 -61 -80 94 79 76 16 69 -72 32 71 37 -7 49 32 -54 -65 61 96 63 69 77 -60 -83 18 -80 -79 43 32 -37 4 -20 -49 -49 74 1 49 -80 84 38 85 58 -28 51 22 10 -44 89 68 -80 11 -7 -86 -1 99 89 44 12 45 90 -20 64 46 4 -68 -37 -10 -45 -98 16 67 99 23 -24 -84 14 -34 -98 -70 91 42 -82 34 -83 100 -63 -51 74 46 -73 -89 46 52 65 1 32 -12 90
32 68 -17 -71 32 -69 -3 66 18 -12 59 -90 12 -49 17 58 -13 -49 70 -89 77 -74 52 41 -59 -32 77 -88 50 -4 -33 -8 -64 50 -52 -25 64 -62 -43 -79 36 68 24 76 -12 85 17 -84 20 -61 100 38 -16 81 -43 -41 -86 -33 -62 -67 60 28 36 -3 -36 -11 5 47 62 36 -78 -96 -80 -41 6 91 42 53 61 -61 83 61 47 15 -73 49 13 28 63 -1 84 0 -5 -63 -97 29 44 33 -58 -46
-6 -73 55 -45 81 11 56 -19 -78 67 -13 -53 23 45 32 89 -84 -19 80 90 54 -54 -72 -58 20 -94 -46 55 48 -29 -22 85 -29 64 12 100 35 29 -61 -95 75 -33 -99 35 73 37 -7 -51 29 57 -15 -48 96 21 -71 71 -32 30 69 96 75 40 43 5 99 20 -71 -44 -32 9 -57 -67 -71 96 67 14 -35 -32 -47 -74 -54 12 80 56 85 -5 41 95 67 -80 12 -37 16 -66 -18 -42 -66 71 16 -18
-88 -79 -62 -93 -58 10 92 -58 22 -26 67 -45 53 -9 56 -61 -88 84 -94 85 -7 9 57 -63 65 -96 -6 86 -36 98 -56 12 -31 -74 -62 99 -48 28 24 -39 -2 35 -56 28 -61 -60 -47 -17 -70 25 -14 97 12 80 19 -80 20 -52 28 -45 79 -50 -69 -77 -9 -5 -67 -7 -76 56 10 44 70 30 -66 -57 -96 -15 -71 4 89 -90 9 -69 -71 -96 -77 80 14 94 -93 91 -37 -19 -70 3 85 13 15 -65
-93 35 51 -92 -89 79 -58 70 75 86 -75 -97 81 -57 73 88 -54 -59 13 -46 -6 92 -4 33 15 -39 -9 8 -5 -45 -81 -16 -53 45 42 17 -76 12 74 62 -20 -61 -4 6 83 -83 -63 88 -19 -62 78 -74 58 -18 -57 37 89 12 -93 19 -1 89 83 -5 -51 82 78 -87 -96 -63 32 -2 -68 17 -70 37 15 98 -88 42 18 -72 32 47 94 -55 -60 99 25 70 -87 -38 82 -70 -24 84 51 -100 46 -55
-68 7 34 43 -60 -94 30 88 15 61 95 51 -15 17 75 13 2 30 55 21 93 48 19 42 -97 94 95 -55 88 -27 -18 43 88 51 -60 20 99 -80 75 2 -3 -20 93 -89 -91 -5 -28 48 -31 63 94 -93 9 46 -41 -10 -85 -61 35 -70 -87 11 74 1 -25 -99 -22 6 54 -74 4 -58 6 -43 -25 -73 -72 -80 30 -86 5 -70 59 4 0 -75 -72 -48 43 33 42 100 35 -42 41 -1 -58 57 -27 -63
-35 12 -14 -39 -41 -83 86 -70 -33 54 -4 -7 -15 81 -92 -70 -52 -14 92 87 86 11 98 23 59 -33 -40 56 86 -99 63 -70 62 -35 22 31 53 -62 5 31 -41 -52 -87 13 29 -12 3 -48 -19 12 4 -92 86 91 -37 96 -9 43 88 79 -21 -50 48 84 -24 41 69 -54 93 97 99 52 -71 -73 54 24 24 -49 93 -45 -35 62 66 86 -13 87 87 -100 3 65 57 -32 74 55 98 37 -63 -47 -7 -59
6 -13 42 -36 65 -60 34 7 -37 -91 -19 -100 96 41 94 -76 89 -20 6 48 47 35 85 32 4 95 37 -37 30 -24 -10 90 15 94 -97 82 47 63 -61 -11 81 100 -41 -96 -95 -46 -100 -70 -2 -12 85 60 77 16 90 30 -69 -11 -3 0 -12 0 -65 86 -45 -87 72 44 -30 -52 -67 -12 -7 21 32 -79 -70 -78 -98 -91 -7 35 29 59 27 54 -20 85 58 34 -8 -43 71 7 84 39 63 83 -93 -100
54 -50 -44 80 38 58 91 54 4 -43 98 14 9 -53 -100 91 -15 -5 -45 -51 83 -24 -54 38 -5 22 -12 6 53 -5 98 42 80 64 3 97 41 7 -37 5 27 93 5 65 -81 36 68 34 -93 3 24 59 -83 62 14 20 27 98 95 81 39 -74 100 -90 -64 49 -82 8 93 -17 -12 -59 -94 73 26 2 -45 -55 85 72 42 -26 20 92 -42 -26 -93 33 83 -23 -95 18 -34 34 -53 3 94 60 18 51
-51 31 -46 87 29 25 58 -90 79 54 25 -8 -42 2 66 -83 54 33 2 -56 76 -18 -46 74 16 7 43 21 15 -92 -82 72 39 69 -58 90 -5 -88 6 58 -15 49 -48 -30 100 -30 100 -79 39 -65 -41 54 51 87 -59 -85 51 99 -98 67 -19 94 -9 12 -4 -72 22 98 -84 -44 -54 -5 5 10 -26 -37 -8 0 -53 81 -45 -80 17 -41 40 11 45 15 -27 -47 -34 -91 75 -99 12 -44 -43 -3 -12 -23
31 43 -76 64 62 -56 14 98 28 11 28 90 76 -54 -71 8 -52 75 0 60 50 -71 13 87 28 -88 43 100 93 -43 -74 -29 23 -93 38 33 71 77 63 67 36 6 65 -64 -40 -84 8 -61 -30 65 98 45 92 27 -84 84 -22 -64 -66 -52 -84 54 -27 -98 70 35 -10 42 -48 -77 73 26 1 -82 28 71 -21 50 29 -72 86 48 31 -10 84 80 87 28 -2 -70 -2 31 -91 49 88 -49 -83 -20 -67 -46
-61 84 -56 -65 90 -10 -48 64 -36 31 -52 57 77 12 1 -60 -86 95 69 -76 -60 48 73 54 -17 3 -62 -44 -11 -70 93 33 -72 -62 -79 -94 -33 -6 70 37 39 49 -79 -41 -16 -39 56 -57 62 -7 -48 24 80 -64 -16 -73 61 -95 30 55 15 -31 58 -32 24 -1 -50 62 96 -87 20 44 -44 -82 -3 24 -4 67 58 59 58 -16 59 -86 -51 19 -28 16 -91 43 47 50 53 -25 -92 37 87 78 23 73
-96 0 51 -6 64 -91 75 2 11 -35 -11 73 -2 -46 -3 19 7 50 -87 -83 54 -49 -58 56 -21 84 -41 1 12 38 7 -85 67 -64 57 -39 29 68 -80 -67 42 57 55 15 17 35 -39 54 -98 -56 21 -53 30 -72 -64 82 -42 -13 91 -98 -13 89 -68 83 -100 -53 48 88 -7 -31 11 -24 10 -61 -36 65 -61 -54 1 -90 -93 -45 -22 -12 -69 72 24 -37 54 -46 -23 -49 -3 -58 -26 -40 -47 -98 24 7
4 91 -77 14 47 93 33 46 -67 -26 -35 91 58 -17 73 22 91 97 100 -44 -19 13 3 100 -36 -76 -90 -48 65 65 90 92 15 -37 -98 87 1 28 -40 1 61 -78 -88 10 0 -15 9 -90 97 -94 65 20 -70 -41 50 -30 -15 -95 -56 -40 -37 -64 51 -29 -57 -45 -80 -47 82 64 -74 85 23 92 25 -36 -91 58 -54 -64 71 15 30 -33 -51 -91 43 -67 42 -21 -33 95 55 -84 -83 57 -50 -66 -37 40
40 67 20 -75 16 -2 -55 -61 -22 19 53 42 -88 -33 69 -23 10 -83 64 44 -8 49 -22 11 42 93 -99 -78 -98 34 54 67 74 -13 94 54 -15 -91 62 45 59 -42 20 -3 39 -77 -53 -53 77 -89 -58 -72 -1 -71 36 -13 -58 -68 -65 40 47 -43 -40 -48 33 24 -9 -78 -17 54 22 -45 -79 53 23 -59 73 -57 -52 -15 74 66 19 36 -30 -52 -16 -63 5 44 21 58 0 -69 -37 -8 21 18 36 74
85 72 -85 -92 -89 44 -36 27 -3 0 18 54 -49 -12 -25 50 48 76 -85 75 6 79 -98 -36 -63 43 37 -96 32 -83 -53 -92 -30 3 20 24 70 92 -60 -100 8 96 51 97 -25 -25 48 -28 38 -82 -49 64 52 5 -29 44 -16 -27 -85 -29 44 -54 -21 -41 -34 23 -21 -55 -97 44 71 86 82 20 37 14 84 -25 -86 -3 1 -15 96 -12 57 17 4 58 -24 -89 23 45 50 -39 -64 -53 86 -3 48 -70
-28 53 -100 18 60 -82 95 78 67 97 19 -31 62 -76 23 -71 -6 -26 31 -95 -26 -11 -52 84 -32 100 -74 72 64 -86 20 -100 68 -7 -3 43 -64 -17 -26 29 33 -64 -18 -17 30 29 -7 -25 -90 65 59 34 19 11 -74 -97 -26 35 -47 -68 -28 23 9 13 50 85 -28 -16 69 75 -93 71 -99 57 -56 -97 13 27 -31 24 8 80 9 82 81 -66 -53 -5 -28 -81 -31 -31 -20 -88 -59 -32 -3 -92 -7 44
-100 95 95 -50 96 -85 -64 -27 -1 94 -65 -96 76 45 12 -19 -4 72 -96 -58 64 -75 -27 -69 -35 -7 17 28 -92 -49 -82 -64 -4 -81 48 16 71 -76 8 53 -56 -92 90 12 72 -14 -58 -58 -18 -10 44 1 -81 -71 -16 78 49 -94 -80 -87 15 -14 -12 63 18 -25 -77 3 -91 -4 -58 18 57 83 24 -71 -27 45 -98 48 -54 96 -19 9 9 85 39 -78 47 15 -70 50 5 35 -42 -94 -6 -96 -22 50
-34 9 -66 30 4 -77 55 -59 -21 -11 -95 22 53 -65 11 -35 -17 99 -59 28 -68 -42 19 84 30 98 7 63 11 42 -71 -18 72 68 -37 93 58 100 -31 -8 -71 -73 13 -17 55 -96 -81 64 -48 88 25 65 4 7 -39 -67 87 61 -29 81 8 -89 -59 -97 76 -43 -21 -34 -38 27 22 71 -11 -100 65 -88 67 55 -43 -4 36 91 35 -55 -44 31 32 -54 6 17 -45 9 83 -36 -19 -13 95 -33 75 -78
11 -50 -91 38 -44 35 71 -13 3 -35 25 -89 -97 81 22 -50 66 78 2 67 -22 37 -33 -57 52 -54 98 -71 22 56 62 -56 -63 -57 -66 58 -48 -49 52 88 -17 -92 -45 18 39 8 24 82 -20 100 -78 -27 -79 11 69 37 8 42 74 67 -62 19 -58 17 93 -29 26 83 -15 1 62 43 16 -78 74 77 38 17 -70 -28 -40 -48 -81 -4 74 -18 -93 -43 -100 62 69 -35 -98 51 16 -92 70 10 89 -77
8 52 28 -75 48 -56 60 -82 100 29 2 83 -5 46 -80 -60 -52 44 71 67 12 -54 22 -10 9 91 -7 -79 -1 -70 -76 46 65 -60 -13 60 70 -97 59 -85 -83 50 6 4 80 8 92 60 -2 68 76 16 -32 83 -23 77 -86 10 32 69 47 0 -85 44 -29 82 46 -83 3 -29 91 73 -99 -6 -96 -67 87 64 97 2 60 -43 -4 52 19 -80 89 -38 -8 -41 97 -6 90 -41 -76 -6 6 -83 74 58
24 -38 -68 -100 17 77 -22 19 32 -33 31 -87 -22 -84 -14 42 15 -97 11 -94 -26 -54 52 -40 -96 -26 -14 78 -13 37 -88 -34 88 72 -44 89 -71 1 -83 71 37 -17 36 43 97 37 -1 -91 83 11 74 -70 14 28 -5 84 -16 -96 93 -67 -40 51 42 -39 -53 4 20 21 22 69 64 -58 50 -84 -26 -40 -35 99 19 -94 -100 61 -32 -3 37 54 -81 3 -18 -37 65 33 73 -73 -55 -19 -8 20 -72 -49
6 28 5 39 44 -70 -99 35 56 -8 41 15 32 -6 93 16 10 -17 -96 92 97 -94 76 -83 -2 37 -52 99 41 -64 -49 65 90 56 -97 -17 -22 -35 -13 79 60 -1 -71 -64 92 45 -31 -39 -25 -16 -49 45 86 32 -40 97 89 31 -66 -61 99 51 5 36 90 3 -38 -67 -51 69 36 -64 -85 -79 -53 88 -25 39 83 -45 -31 63 98 -27 7 40 85 26 25 -75 -63 -3 50 57 93 -38 60 -23 -41 92
-39 73 -28 -42 69 32 72 -68 50 25 -100 -77 -19 48 58 -50 -62 39 -33 59 98 -75 76 -34 34 -38 39 -25 61 -54 -23 88 61 8 97 79 45 67 65 -54 65 66 -17 -63 -89 78 79 90 -34 -97 -94 -10 -76 -57 13 2 44 42 67 91 -72 -71 87 -62 -9 -98 6 86 22 -2 -62 -86 -12 82 -22 65 -98 8 100 36 -9 -58 81 -89 66 24 -27 12 32 -59 75 54 -96 -17 -44 98 80 -20 24 -78
32 -43 -87 -27 1 -52 38 -40 -56 68 68 -92 -68 -81 -76 7 -38 6 72 2 -66 -7 -90 16 -70 74 48 92 -42 25 66 80 12 -78 -51 -87 20 -55 59 -15 67 -77 -94 -2 90 -58 -73 43 27 -22 23 -30 71 -47 3 10 61 87 91 -50 71 -17 75 41 -26 -99 18 -54 74 -13 -68 -48 87 30 -87 14 -47 46 -51 59 22 35 -29 -81 -53 -85 42 -86 5 61 32 78 -2 92 70 52 74 37 -55 85
80 46 4 -70 32 -32 -64 -30 -78 81 -8 -59 36 -89 -48 -85 64 -36 63 -1 -41 -68 99 18 45 85 -50 -72 -45 -94 9 92 66 31 60 -12 -5 94 31 -31 -22 51 66 -63 -2 -33 -41 -3 88 -100 -9 4 -41 39 76 13 18 55 -37 19 74 33 -14 10 -11 -36 -89 55 -86 -64 -21 -57 -86 -24 33 -89 31 -25 -5 -75 -94 -71 -16 23 -91 39 -100 30 10 -10 30 48 -55 55 -95 -92 33 18 100 42
25 34 9 70 -37 70 51 -61 39 69 23 68 26 -43 -70 17 52 -39 59 58 -11 81 -37 -12 24 21 -54 -61 -26 22 -31 58 0 53 16 42 -58 94 -44 23 38 45 66 -97 -81 88 -12 31 59 93 -7 -29 -91 -21 -80 66 83 84 12 -98 -18 -68 -36 -98 -74 78 -4 -63 28 46 -53 -70 5 -57 -40 -46 95 -47 14 -76 61 -59 -21 13 53 -79 76 86 -51 85 8 -1 17 51 98 -45 -13 19 19 -67
-9 -3 34 -93 53 -37 -35 -16 -62 89 -47 -78 -86 70 72 -8 89 -30 10 -33 40 76 -48 -12 0 -10 -75 -64 36 -75 -93 -58 -71 79 -6 44 -84 -56 -45 -50 -92 9 73 50 -29 -51 -49 60 6 32 -21 -37 27 84 62 67 8 -99 -62 29 -10 -7 41 88 34 0 96 -76 0 93 -10 -59 35 -3 80 77 73 -84 2 7 -17 -12 -49 -7 12 -4 82 50 -85 61 10 -50 -64 -100 10 -79 -77 46 -18 -74
-34 -67 53 77 43 56 60 77 -85 37 77 63 69 -94 56 71 -11 -84 -22 -94 58 21 -22 -67 -55 -27 38 22 8 2 -58 -60 86 6 -91 -42 -71 68 -22 -77 -73 -9 -67 59 15 69 95 52 -19 -61 -90 -18 19 -59 -68 100 42 58 43 -100 -71 -71 51 32 -2 79 -36 88 15 61 15 82 13 26 -8 -71 -80 -95 -98 83 92 -70 34 79 -65 -66 62 -20 36 98 -40 -13 -87 -83 -75 36 -48 0 -52 63
-69 -50 -34 -84 56 -38 -93 57 4 -7 -67 7 -26 17 88 59 -72 12 -24 68 -8 18 -65 -7 -24 -62 -100 56 75 94 51 74 -71 95 1 49 60 95 -28 73 93 67 -97 -65 -100 -100 -83 -80 53 -12 -50 -1 18 2 100 11 -5 48 37 -52 58 -19 -88 -27 11 85 6 -27 -24 -73 25 -35 -76 56 23 69 -59 60 -99 -38 62 -6 -66 49 100 -17 12 57 -53 -89 58 -69 64 -46 69 86 68 -55 -84 4
-5 -11 67 -84 63 33 -100 -37 -87 97 -91 -75 64 -56 -57 -83 -38 94 67 -56 -38 32 96 -52 78 -84 -63 77 62 -42 57 49 -17 -18 -85 -89 55 99 -18 -44 91 -46 60 59 -64 -49 -14 2 -63 66 19 84 17 46 80 -95 57 9 -13 56 69 -73 93 -26 -44 -26 14 54 -73 -52 -50 -36 -59 -86 -91 41 -86 9 27 14 22 -29 18 56 -25 -43 70 73 49 47 -85 -40 -83 -95 14 97 43 -53 7 21
28 9 -82 -51 -57 41 39 15 63 46 82 -38 -52 -46 83 -73 -32 79 -55 44 94 -100 -81 92 85 73 -13 -9 13 -85 -25 17 -75 -74 86 19 33 -38 -57 -71 3 -7 86 8 19 70 -51 -37 -73 -86 -43 21 3 -89 94 34 75 50 82 59 23 -27 47 -43 95 3 -41 73 40 -20 -32 36 18 71 19 -62 41 -10 -79 -51 32 -38 27 87 -32 81 -61 41 59 -95 78 91 98 80 -90 -17 -33 89 -41 -92
0 -64 -47 -27 -70 -10 92 -81 57 -73 68 12 -25 53 81 -61 -73 -53 -41 76 -1 49 -3 70 33 68 -42 -62 0 -57 46 -23 -24 -11 84 -8 61 -45 71 91 -33 25 -22 11 10 -62 3 -32 -21 88 -55 -26 31 -33 75 -60 -62 0 -70 -78 10 50 70 -90 49 -30 69 -17 -98 42 80 51 18 -21 98 -91 94 36 85 84 39 -62 91 84 -69 -4 -26 72 -99 44 -98 15 41 -62 13 89 3 -27 17 -75
52 58 -81 -76 10 -41 20 -90 -65 -27 -4 31 -73 28 -97 67 -21 98 28 -13 -53 34 -91 -28 -40 92 75 32 41 69 -21 -58 -80 -100 -81 -7 -26 -13 34 5 -23 -55 -17 96 4 -35 -84 65 -17 64 67 -3 -66 -19 98 18 -21 86 -27 97 -81 -57 62 -51 60 -63 83 -31 -76 -97 7 79 -41 4 47 98 -88 84 -89 -51 20 32 -11 40 26 -83 -51 67 -6 -40 -49 97 3 63 62 -9 24 83 -65 90
-6 -58 77 70 -84 11 -7 -97 -23 49 -82 28 76 32 5 77 -95 40 93 96 -84 72 -76 79 11 -9 50 -28 -90 -28 67 -34 -49 -14 -72 98 -24 -89 98 63 -58 64 -6 10 64 95 -65 79 14 -28 -36 4 -98 84 -86 93 44 -48 32 8 -44 47 54 47 -11 -89 81 99 -8 85 61 74 77 82 -82 93 45 13 20 59 -59 -37 100 46 -87 -7 94 -90 35 -17 -76 -42 32 -53 -37 22 -59 -81 84 -93
-36 77 -25 26 -98 -98 -3 -81 -57 99 -33 91 66 -70 -42 -55 35 -56 30 47 -72 -78 79 2 70 -96 91 82 -16 -9 62 -50 -52 -42 62 56 29 -42 -2 53 89 13 98 96 35 -19 -61 100 -100 5 -94 -77 -54 95 -7 -49 -94 41 33 -88 -59 45 -57 56 -42 -65 14 -1 -94 -89 60 -64 -45 -34 -17 -80 38 -18 20 -53 42 -39 -20 81 62 -94 -11 48 -59 -83 -45 -24 -48 -99 -19 -4 -18 -23 -89 91
-58 -96 96 46 59 -44 6 -19 86 -71 -94 93 27 -41 70 -87 -81 -26 10 86 -68 89 -94 -94 95 -27 5 -13 38 97 -37 1 90 78 -30 92 63 39 67 -17 29 -90 42 31 -13 66 -12 -72 0 45 -56 65 43 -37 50 25 -5 34 -19 -66 51 -44 20 -97 30 33 -39 99 95 22 31 -33 -76 58 -58 17 -81 52 72 -75 61 -41 77 75 13 -44 -22 60 53 -56 31 61 35 -69 21 -51 -67 -34 30 -68
-64 7 20 -25 -11 40 10 0 -87 -65 -22 -54 70 80 66 -40 -12 -42 58 -29 -56 91 -83 -98 -12 97 -14 -41 48 -73 -51 53 -33 -47 -74 -60 78 73 53 -49 -62 22 -24 89 74 8 66 -9 97 -73 -49 -28 55 35 29 -37 -92 -22 -57 -24 -99 -26 -17 -35 34 100 -8 67 -96 77 -75 3 94 -73 43 -41 -54 -49 30 -82 -42 13 -97 2 87 -23 -88 -6 -87 34 70 43 -14 99 21 8 32 -33 63 96
5 18 -92 2 28 -3 27 56 16 26 88 -88 24 -70 -45 -100 41 -32 51 -75 99 -51 -2 -4 -82 79 -41 35 86 -5 98 61 95 78 76 4 -17 92 -63 100 -2 0 54 83 6 48 -83 -68 98 -19 87 47 -60 -91 73 45 -43 -87 -48 30 -7 22 55 -92 30 33 96 -9 90 -93 -21 -89 -64 -52 92 -4 56 -69 71 65 80 53 -9 94 61 6 7 75 48 -28 -24 -79 -48 59 57 -78 -61 -54 -4 66
-71 30 -47 50 9 -79 33 84 90 49 -1 94 -93 -21 70 22 -96 -84 29 -49 -23 14 -87 -57 18 -21 70 -73 -56 37 88 82 93 -40 -56 -68 -31 -44 -25 1 -14 52 -3 -46 -18 -34 23 74 8 34 -34 -10 9 46 -36 22 -64 -29 15 21 -64 3 16 18 -51 -3 -65 97 -82 83 52 46 85 74 8 78 -35 2 -31 6 -80 -28 -55 -49 -34 -15 4 94 -11 -48 7 -72 15 64 -75 24 -96 -49 99 83
84 -31 -93 84 23 68 -35 -3 -16 -46 86 91 -69 -73 43 22 12 87 -71 52 -85 -58 50 46 -58 86 -79 93 -42 34 79 -85 -64 -11 -20 -15 10 -15 38 9 88 7 -95 86 3 30 -11 -55 38 -85 -36 -43 60 -21 23 -4 54 -90 -13 -33 -44 -43 -47 -61 100 50 -83 67 -52 44 87 -43 -42 64 0 -55 72 15 -10 -92 66 81 -56 79 -75 -9 65 -12 -82 -48 25 -81 39 75 61 54 -38 74 -81 -6
3 -30 -45 -52 -17 -27 -67 -15 48 -8 -78 67 0 89 -90 36 41 80 -49 35 -36 -61 23 76 -73 98 52 82 -72 23 -41 89 -71 -73 71 -57 25 -67 -9 72 80 -23 51 -93 43 94 -88 13 49 23 -73 -42 20 -15 -53 -87 17 -45 -32 -15 70 -44 55 96 22 -33 -84 -43 67 43 -39 49 41 20 35 76 45 61 -18 0 -14 71 -46 -61 -20 -88 75 4 -71 -47 -51 38 -31 -65 -79 93 -73 -72 -2 -72
53 57 52 -68 -2 -35 -20 -2 69 -73 -82 3 -90 91 -91 39 -45 47 -1 -37 -9 9 -88 8 0 -54 -37 -13 19 -27 84 -42 -100 70 84 24 72 99 -63 52 9 -22 -67 -35 88 45 91 -27 -46 25 -89 -18 -7 -87 42 66 -24 -93 9 -33 32 -25 24 58 -94 -47 -38 77 -23 67 -12 84 23 55 -40 -6 80 -80 -30 -79 -65 -11 55 5 32 -19 62 -2 5 54 81 32 -34 26 53 94 12 92 17 -65
62 77 52 54 -73 -99 93 -20 26 69 -77 66 -28 -40 88 72 -22 70 98 23 -34 10 92 -8 -63 -64 -20 -98 -42 -29 -62 -100 -5 40 -40 -66 14 -38 -94 -36 73 10 -21 -93 86 61 1 68 64 80 4 49 -5 60 97 -14 -83 -78 -14 42 -44 -65 26 -38 68 -87 -48 -95 -50 -79 41 41 66 -57 31 -15 -2 80 84 18 97 -51 -55 83 -2 -97 53 -84 80 -91 -48 -37 62 27 -3 -13 1 -84 12 -37
100 -77 68 77 -90 -46 -87 -55 -91 -94 -78 -90 -2 0 24 2 84 76 27 44 -66 18 32 -38 -70 92 -84 -31 92 80 -8 80 65 40 62 -74 59 100 -94 64 23 72 11 -77 57 7 -94 13 92 -39 87 -66 -12 34 46 -75 -26 -54 11 -76 -62 -71 47 90 -18 74 -2 -55 23 73 -77 43 66 -43 -93 15 -80 -60 -7 -14 23 -100 94 -42 75 87 91 -60 -100 66 70 -11 -89 -9 -1 56 -2 -22 -86 85
37 -14 83 28 64 -28 -75 -79 32 -28 16 -44 -99 77 13 67 -97 1 -69 79 -58 74 68 -27 11 -17 -82 -67 98 29 -23 -91 -84 -35 -82 89 -58 -69 -33 47 -61 -59 -48 0 -52 93 77 -15 2 -9 46 -45 35 -32 21 13 -13 -59 -57 -24 80 14 -100 -42 -65 0 -84 -7 82 -25 -9 60 5 42 41 -53 -13 -68 -78 -71 76 -76 14 47 -83 -15 -53 55 -86 -70 44 -83 1 50 23 77 74 -35 -72 -86
37 -29 -25 55 -92 -51 -81 86 7 -38 -4 73 15 90 -69 26 44 -20 17 86 57 18 -85 -62 49 -80 -33 -92 24 -9 -21 -93 40 -96 29 -53 95 -79 17 29 -5 78 -18 -44 68 -65 -49 94 -20 -19 -9 70 47 29 70 -5 -12 61 -9 -87 -18 92 96 -33 97 -35 53 -61 77 -55 8 -96 86 4 -48 -89 -94 -14 -74 92 96 -46 32 58 72 -11 94 49 -76 81 -1 46 -21 17 25 39 51 39 29 -75
15 28 70 -97 -2 65 -66 22 18 39 70 54 -36 55 -71 -40 26 -10 -82 -58 -9 86 -73 34 -51 75 21 -62 94 -41 77 -98 -87 -27 40 84 -22 31 99 -67 81 98 -19 -25 -46 -7 -62 -73 -5 39 -62 -93 -19 47 -100 -20 90 8 -70 71 10 -85 -89 -78 -9 -88 72 86 59 -63 27 70 -55 -79 -7 81 -53 -89 -83 -89 -14 34 99 -14 -91 -85 9 -8 88 9 -26 37 55 -65 -95 -57 8 76 -40 43
89 -74 5 15 -3 -100 -15 -33 -68 8 12 23 -91 -19 29 -18 -48 15 -30 46 7 -23 -75 47 91 -47 -5 -97 -85 -32 -22 45 -71 -38 52 -54 76 40 48 -12 63 -84 2 -71 97 30 47 -50 -70 -27 -2 23 -78 -82 43 -96 -81 80 -36 -3 -86 71 91 80 99 -74 -96 16 27 90 -25 -46 44 36 -39 -92 -53 -94 -76 -27 24 -39 4 25 72 17 7 -6 73 -39 -70 3 -56 43 -37 45 -74 -98 99 -42
-85 -38 93 80 -97 43 -57 -30 96 87 -43 15 77 -34 49 -90 -24 92 12 26 54 -5 -88 73 21 82 -69 -17 74 -49 -59 -87 -37 38 -16 58 97 35 56 11 64 -23 -69 36 63 89 -56 -22 -46 -39 37 -66 55 90 39 27 -65 97 -13 55 92 100 -25 -71 -99 -50 -55 29 -98 -51 -83 -34 -81 -41 -69 10 28 75 11 -1 -16 100 -64 -37 76 43 44 53 -36 67 21 0 -74 6 -48 96 0 45 -84 -94
-26 83 -99 -9 24 -34 84 -43 -36 -29 11 2 -71 0 57 74 -11 -22 -26 -38 62 59 -18 80 42 15 -67 38 -50 77 76 -46 40 28 -3 -9 15 -28 13 57 99 92 98 -86 17 -83 -28 10 -35 100 59 -42 15 7 -35 -21 -77 82 -3 88 -99 -61 -19 23 -70 3 -65 7 83 -89 73 -46 -66 85 -58 -1 -77 -31 -31 -93 11 30 97 2 73 -89 85 52 69 -22 26 21 31 -82 -13 22 13 60 -11 15
3 -68 -31 -12 90 97 39 10 -27 -81 -66 34 40 41 38 34 -21 57 17 7 15 99 13 -99 -69 -73 41 78 49 45 68 -71 -96 21 52 45 -68 -7 -17 -38 -44 69 -99 86 -40 95 39 85 -65 -97 22 64 -18 5 -69 -60 -34 94 -50 -44 12 69 -87 -15 94 34 -6 -14 -93 -35 -7 -28 2 -10 3 55 -40 -27 93 -20 -97 -90 -46 50 13 26 44 38 -39 21 8 60 -51 -45 91 6 54 57 45 -96
49 -76 84 27 90 24 72 71 74 94 36 -75 -27 -22 54 -79 -25 52 69 58 21 39 19 -27 98 23 11 -62 19 34 20 -58 23 100 67 53 -16 6 -76 78 -17 -6 -46 36 -76 78 36 32 53 -12 -76 -48 -41 43 -62 88 78 34 47 62 27 -35 6 -50 -40 55 -45 -3 87 62 61 57 36 86 61 -46 66 83 7 -24 -52 -38 77 -39 -22 -71 -76 88 -53 26 48 60 98 -1 25 -6 77 55 81 59
-28 -29 96 16 -61 64 71 -48 77 72 -88 -19 4 -45 93 45 71 -6 -14 90 -69 -51 24 91 28 -69 -33 -4 -57 -24 38 -77 -2 -28 83 50 20 90 -50 -22 -89 51 -70 -53 47 91 -15 -65 88 -91 -89 -21 66 -79 8 93 -79 -51 36 -1 66 95 53 85 87 -62 -9 71 59 -88 -58 39 45 0 37 -32 -18 36 -17 13 3 -28 3 100 3 36 40 -14 72 -37 -3 -74 -64 67 2 12 -72 63 10 -73
-42 63 48 -42 -87 37 14 -42 80 -27 66 46 32 30 -16 81 47 87 -67 -2 91 -95 -65 3 -88 -89 -49 52 32 51 31 -3 53 -68 -29 -44 -42 -15 -42 50 -64 26 -50 47 91 -95 -72 -76 -97 -18 93 -86 24 3 57 -41 77 75 91 95 -22 94 -71 -71 -28 58 -5 20 17 17 -79 11 32 -52 4 -63 -91 -21 0 98 -77 -76 -35 -89 -81 -86 38 -30 -100 20 93 -34 -35 72 -76 -93 -67 94 97 -91
-47 -10 -6 32 -77 75 27 95 89 31 -38 100 -37 38 53 35 57 -76 -8 -89 76 86 -78 -70 -38 65 -24 30 97 -67 -18 15 -31 -35 -75 -38 -31 38 79 -18 44 77 -66 -55 8 -53 40 -38 -51 -37 22 27 34 1 55 18 22 -69 -14 57 -22 1 92 88 95 16 81 64 11 65 95 75 -43 0 57 -13 -18 -53 79 -17 -14 -27 12 -31 -53 36 -72 -21 -9 -90 -7 86 52 -14 -43 60 48 24 -43 73
66 -92 95 -54 -74 86 -43 79 80 21 -38 -51 -84 -60 -36 29 80 17 74 5 4 40 1 34 -32 -68 -96 81 -85 -32 -39 74 -21 -16 63 -67 37 77 78 -78 -35 -9 40 -87 -12 33 95 1 -16 -7 -28 64 -71 -15 34 -83 -58 -20 -4 9 -57 20 24 -37 77 30 -55 -13 -5 -31 72 98 34 35 -2 -36 -38 -88 -79 -78 -87 -76 -77 71 30 -88 -12 -63 -50 30 -83 -81 -64 73 -68 2 19 12 -24 49
-35 -54 -8 -32 -4 -81 90 -46 1 -4 28 1 6 -4 -40 -10 -67 18 48 92 67 7 -20 -71 -5 -79 74 14 52 -39 -94 71 -56 19 -22 -80 -68 48 -42 26 -61 -100 55 -25 -58 -23 -10 -23 -48 11 62 27 90 43 -72 -87 -29 24 -66 -92 6 35 74 -59 -26 -64 -58 32 83 -85 56 84 9 -12 31 68 72 90 36 60 -89 26 -60 19 -18 -54 89 18 -62 26 -95 -40 -38 -22 57 86 12 57 -82 -27
93 -95 12 -81 -30 -9 -57 90 -95 -92 -61 -48 9 59 83 -2 76 88 -25 -7 91 -85 -77 -78 -46 -38 38 70 -63 61 -100 -84 66 100 14 -37 -26 -73 82 92 -45 86 -28 69 -15 -8 99 60 -93 -26 47 28 80 -72 -54 -25 37 1 49 21 -19 -59 51 16 -19 34 -93 71 45 -11 47 -79 -54 -92 -85 -94 -45 -100 18 -78 -8 -71 -59 72 53 54 -94 29 -97 15 4 -37 -8 87 46 41 -53 -54 38 -56
24 -91 95 21 76 -6 31 -65 10 -20 92 -41 82 -61 -44 -53 78 -60 13 -74 -58 40 -76 -74 -4 -94 -96 78 -82 -50 73 42 -82 -43 -54 -58 -68 10 -22 -39 87 -46 45 30 -96 -59 -60 -4 86 68 70 84 -41 35 -90 16 -35 -13 86 -13 25 -53 12 57 99 -62 -11 -67 -36 -37 71 28 40 -37 -93 44 83 -37 97 59 -71 -63 -20 -3 -36 87 7 -36 65 -97 -57 -15 -23 -95 77 70 46 -80 21 -68
41 100 -7 -79 61 -47 76 69 -85 -75 -57 90 66 -73 -35 -71 -64 60 -59 72 19 -57 40 77 77 59 46 -99 8 -1 -42 75 -49 -43 92 29 -28 97 52 -38 21 81 -97 -58 64 -46 41 -6 -79 -91 91 26 28 67 -46 41 65 91 -64 -8 -3 -40 25 47 65 -36 -63 17 -84 40 -14 84 10 -36 7 44 -85 -35 -17 -14 29 -6 23 -71 18 -86 -88 10 -18 -77 -73 -35 -93 -53 -1 72 0 -13 -89 -11
-88 -97 -71 -66 -90 70 92 55 31 -13 83 59 -78 -56 6 94 99 -47 -92 -8 -86 14 48 41 93 -40 91 -30 -75 51 -83 -98 -87 -83 61 59 -70 -68 79 4 91 98 61 -7 -2 -39 -13 5 66 -24 -62 -25 -39 33 30 -19 -74 94 56 -75 -71 32 51 77 24 -90 48 -90 -77 34 -86 72 -54 -59 38 -13 -28 71 21 -59 73 -1 -41 15 95 14 -25 81 -9 -4 3 61 83 -47 77 86 70 2 -44 -13
56 87 -81 -99 11 -54 -62 94 63 -58 22 -72 17 -16 -12 -54 8 -71 61 -49 -68 46 40 -79 -21 78 -59 87 49 -32 -75 -7 -29 36 18 7 -3 -35 -47 29 -55 86 38 -42 6 -39 56 -29 -73 53 23 60 37 -36 -2 34 43 42 10 -33 -26 -57 53 100 12 97 62 -64 -26 68 39 52 87 -88 -42 -26 54 72 12 -58 40 -26 -20 -13 9 68 -6 82 6 -11 -63 -33 83 -7 46 -99 64 -57 -38 2
-12 60 -30 -94 -77 84 13 -67 59 86 27 -41 35 -81 -72 -35 -48 -55 61 88 -89 -85 -73 17 85 29 79 58 -23 16 -23 -38 -54 -29 -6 77 -14 17 -25 -59 -32 97 86 90 39 18 18 67 -97 43 -82 -10 -27 84 -61 89 2 -73 -71 -72 71 -10 -78 -13 -27 -85 35 11 -28 23 -83 50 72 67 68 56 18 82 -70 34 -70 89 -38 40 -100 -40 -15 91 6 -65 89 -94 95 -66 -20 -98 -81 -34 -55 62
26 -57 95 -79 86 17 54 -36 81 56 42 76 16 -47 32 -17 73 56 -61 -66 27 -37 10 -36 99 58 8 58 90 30 90 74 -74 72 -41 -21 74 45 -92 37 -22 9 89 -73 42 -67 -8 -12 -50 99 30 -59 -7 -92 -7 -23 84 61 -23 77 -56 27 3 -42 8 -73 74 75 82 -89 -35 35 -2 -70 -64 72 -2 -79 -89 52 -83 -100 37 -3 -72 -56 15 -52 -75 -60 -13 33 69 -67 88 -46 -23 -28 -7 42
-42 81 -45 91 -50 27 16 33 90 24 -41 -42 58 -98 -17 -59 21 72 -84 -53 -85 -31 -68 -9 93 -63 58 0 -23 97 78 -35 71 40 0 -46 69 -40 1 43 -33 70 77 80 -22 46 -22 60 70 -2 4 60 -47 90 28 -52 -45 -97 88 94 -79 96 1 9 -79 24 67 73 -10 47 86 2 7 -90 -20 18 41 -12 -2 -25 -74 -76 21 22 23 67 14 -55 -77 -65 56 49 35 -44 -99 -52 25 16 -26 61
-65 -84 -24 9 -76 23 -38 51 -57 -91 20 29 0 90 -83 66 -97 -2 40 -77 -81 62 25 83 12 99 27 -3 -25 -42 21 -37 56 -2 -93 22 -18 9 -3 78 16 92 -93 -80 -39 -59 -58 -55 61 -76 -42 35 -4 12 77 -70 -69 32 -3 57 29 -38 69 -64 90 37 99 31 61 76 15 100 -10 -66 26 30 51 85 -38 -56 63 -72 72 59 -22 85 -2 -66 -57 86 23 84 3 56 -21 -76 87 96 -53 30
2 5 34 -71 99 20 -18 38 -25 -7 -12 75 91 -50 12 -6 23 -32 -69 59 55 84 -55 -74 16 -90 96 77 45 99 -61 -90 70 -25 3 -17 99 58 -23 -81 31 -90 -95 -27 42 -55 -36 89 55 92 -93 -93 -97 12 58 -31 -3 12 -38 -1 -64 -83 94 -69 -82 69 7 93 -1 -6 -27 -71 -35 -29 -4 -32 -26 -47 -20 42 -20 -56 12 25 54 19 -97 36 -41 -29 -38 75 -22 -25 -46 -19 -30 -43 56 -32
15 -20 49 -22 -10 -3 -55 50 -36 82 -26 -71 -95 -22 12 -42 -32 94 19 -71 -21 -1 -92 36 -91 -36 -27 59 25 81 68 -9 -36 69 38 37 -81 71 95 56 2 -89 -45 -13 87 42 -52 -25 2 100 -93 31 95 24 -13 90 -32 -44 -8 33 -98 17 -38 80 -8 -62 -91 -66 11 -46 -43 -40 -57 -64 -88 -79 88 52 -63 23 79 -3 42 -92 -52 -32 27 7 88 86 -47 80 94 20 -44 -81 26 -82 52 53
80 83 -74 16 -15 -27 -40 -95 -56 -82 -53 68 35 90 88 97 -14 -93 -52 54 32 38 -61 4 32 -15 3 33 -59 74 37 43 -28 -43 -59 -99 87 26 1 -52 -23 83 59 12 39 -3 -30 10 36 -87 0 93 -98 -86 13 -46 53 -6 -100 16 29 97 86 17 99 64 51 86 39 -57 1 -81 -63 88 30 -66 -30 -64 18 61 -17 -41 -45 94 94 -58 80 13 90 -60 -65 8 -45 -95 -44 -88 59 6 -3 -84
-58 -89 -63 87 -6 -47 -2 -44 80 -82 87 -51 12 67 -62 -36 -77 77 53 -39 -99 84 -99 -21 50 39 -79 -30 -57 25 12 -79 68 -91 -16 46 -5 29 -55 88 34 89 -45 -28 48 9 68 60 52 48 -5 24 42 10 -43 5 98 -46 99 39 -34 -70 7 -96 36 -99 80 -92 100 -100 77 -22 -1 40 35 54 -65 -96 81 -73 80 93 15 39 21 -60 -1 33 36 68 51 -43 -91 -55 41 -72 -96 24 78 90
4 -68 -59 -8 -14 65 94 -78 -2 -38 -24 45 -56 48 -17 17 17 96 85 90 -19 -51 -92 63 -23 53 -59 -94 -83 -26 11 8 61 -87 16 -40 47 -69 53 12 -11 -92 -80 6 -13 13 29 -21 -54 -76 72 -34 92 -64 -71 25 -21 76 -7 -18 66 -36 -38 -45 17 -1 34 71 -2 -69 -46 -12 37 67 90 -89 -36 -79 7 56 48 -94 14 33 -93 -56 -15 5 -76 77 -55 17 -12 -85 25 62 -23 17 54 -7
-76 -42 69 92 41 79 -81 55 96 55 -83 -42 12 75 -34 -40 -10 86 -69 -73 94 76 -18 92 -48 91 -23 -20 -5 69 31 -22 28 80 75 -52 41 68 -13 -14 83 -93 -96 6 7 85 -52 1 -63 -6 19 -88 19 -18 30 62 -6 -88 -96 -61 -59 -51 -26 62 -40 9 3 -20 55 37 -21 10 60 -84 7 26 80 -94 -74 -3 83 -61 -69 95 -5 64 -50 53 -33 93 46 -92 -78 -21 50 -82 -76 75 -76 -25
90 79 -31 -86 -65 40 41 13 -1 -2 -4 64 72 81 -47 -88 32 5 41 86 -26 10 30 -80 56 -52 -47 -81 -8 12 75 -63 -32 -41 -94 23 71 30 26 76 28 19 -1 38 72 63 -39 65 10 -26 6 -62 0 34 63 80 -20 -91 32 -24 28 -75 56 24 -75 25 -4 -30 63 -86 -17 -77 -4 24 -40 -28 76 74 -64 -49 50 0 -33 50 100 88 4 -90 95 74 58 -12 -49 -43 -77 -27 15 49 50 63
32 12 14 43 -54 19 -29 21 -1 -63 60 -43 54 -1 99 34 -93 -1 91 -53 74 -7 -34 45 -70 88 -74 -72 -50 -11 49 9 -5 -19 50 -69 -83 -65 -38 -17 56 -28 -28 50 -52 -17 -16 -9 42 -71 73 24 -90 -20 94 59 -71 -21 46 43 73 -4 6 -2 10 -40 8 -66 -13 100 -87 -9 21 72 87 -96 0 -8 15 41 49 -9 -3 21 -48 84 1 100 -63 -7 78 -83 -17 23 82 -38 -31 92 -81 33
-18 16 98 23 -72 -22 53 -2 34 7 19 11 81 97 86 36 1 26 0 67 -28 -50 79 36 -80 -90 54 -73 -7 -26 25 64 -19 -31 -84 86 -24 -45 66 89 -12 14 69 -10 35 52 30 -41 -89 43 -100 85 -91 14 69 91 -84 -51 60 -41 80 -22 65 -78 -77 -78 -52 86 -65 -99 89 -63 -7 52 -9 50 -78 -18 -62 -61 -57 52 97 -59 -98 -100 50 -58 -71 50 5 -76 95 -15 -49 -26 18 -8 -2 76
-28 3 14 21 -13 46 -66 -47 -28 98 -33 -96 -76 -20 1 -63 97 -76 -72 81 -50 -55 -39 -94 -79 -4 -17 33 4 66 30 -61 31 -72 -37 61 -10 4 70 12 -26 1 -7 -10 -68 43 85 33 -5 -80 33 18 -55 27 91 -49 12 38 -98 15 -84 36 1 -58 -70 92 92 84 -43 33 -32 -14 15 -99 90 44 93 -50 89 65 -35 -22 84 -12 15 -78 -69 -54 19 8 6 14 -68 -14 7 41 -53 21 -46 21
30 4 -23 -17 -89 35 37 -35 31 -2 38 28 -12 -74 -56 -73 79 -46 89 94 -35 -19 -13 -59 66 -46 11 12 -57 -78 -60 -57 49 74 -98 77 74 49 32 53 55 -5 -56 -76 37 33 97 87 -98 -41 42 -74 -44 79 -70 -33 43 -85 -64 89 16 41 26 -63 30 55 32 -64 -66 58 79 25 76 -43 -19 -88 -35 96 47 -36 -75 93 -50 31 -36 30 90 80 -54 86 -17 -8 59 56 -61 76 98 -16 -48 87
-2 42 41 96 39 96 97 -46 20 -37 77 -5 6 -68 -58 28 -98 87 38 25 -25 -60 -7 -6 -90 64 -19 -57 59 10 -86 70 69 -48 69 -58 -68 72 56 30 5 1 -68 -59 -54 1 -54 -86 78 -91 64 39 65 97 -4 -77 19 -25 -22 76 -69 -53 88 -37 -24 7 -82 -25 16 -7 35 -32 -46 93 -42 38 -31 1 -21 27 -55 69 -46 -10 24 -44 19 -2 61 91 20 -92 93 80 -56 -58 0 78 -48 44
-30 -94 68 67 -79 25 43 -37 91 -41 -96 -10 -53 -82 -59 92 51 62 -59 -72 84 -32 -80 24 16 41 -67 -50 86 -30 82 -7 2 -29 -65 -60 -50 -6 -56 -87 29 -32 20 -41 77 -92 -38 58 16 -59 -79 -83 -50 -43 47 -87 95 -75 78 -37 73 -89 -61 -35 21 -56 56 24 -17 32 -87 -37 -81 24 96 -89 -52 25 79 -45 40 36 54 81 2 2 -64 -41 91 21 43 61 -4 -67 -93 12 -56 -100 19 97
-17 33 -41 -16 59 93 90 -61 4 11 -29 -90 81 -34 80 -47 -79 -26 53 -67 -11 -15 73 50 51 8 -68 96 -86 -100 20 -48 -33 -45 -74 23 50 -49 -3 -95 32 -13 -93 -93 -38 -83 22 -49 -64 -51 68 -4 -20 32 -62 -38 -95 47 -24 -47 17 -25 97 -52 -79 -84 93 -7 -42 -9 -15 8 -88 11 -13 -65 50 71 8 45 64 -82 -93 31 -65 -88 74 46 -66 -21 58 -28 -64 98 51 -12 -14 -67 12 -3
-39 46 11 54 -60 -38 84 -26 2 82 -27 -46 -53 64 -83 43 -61 -32 42 -20 -94 -11 -75 90 31 96 42 21 -1 75 -17 68 -84 82 -99 -76 4 80 87 -17 -78 59 -91 -44 -41 57 -15 64 73 -96 -34 18 97 58 -26 33 30 -16 -1 14 -64 -41 64 -20 15 -67 59 -79 -98 10 -99 76 -95 -55 -35 -12 -50 -61 99 -14 25 -75 -69 34 15 43 93 -73 12 -39 -1 -58 -65 2 37 76 72 -74 -46 56
-59 64 -32 -81 -78 -68 -16 -84 80 -91 -58 -81 71 98 99 -7 87 56 6 -79 87 -64 -61 66 10 65 -20 13 79 30 -60 -22 12 99 5 -63 89 -7 89 81 71 21 -30 43 -80 28 23 -65 56 -35 92 59 -72 -57 -4 91 -48 34 -16 -36 10 -40 26 65 -78 -39 -18 -98 38 -41 33 44 27 10 -38 84 -39 1 -67 75 -1 -56 -47 -7 -64 28 -78 55 78 -86 -23 56 -57 -94 97 -50 -79 40 -69 -11
-73 -84 55 20 -9 -21 35 71 61 44 40 12 -37 -17 -86 -88 8 -8 -44 85 -95 50 99 81 -51 53 -21 -16 -60 -80 -72 -55 -87 -2 -17 -69 39 -35 -48 -91 -40 83 37 16 -14 69 83 10 -100 47 41 -4 -85 96 32 -83 -14 16 -87 -83 -75 -39 4 46 -53 -88 -91 -66 100 -5 65 59 30 -20 -57 -71 -80 30 -38 98 18 81 41 41 -28 -20 -24 9 39 30 79 -61 -53 -44 89 58 48 38 -18 41
-1 29 -2 -56 -58 6 59 58 56 -22 39 -50 -87 -45 12 -34 -9 2 -2 -61 72 29 -65 -43 -19 87 -40 3 -77 15 -10 -43 -69 -4 79 69 92 67 -85 -59 82 -97 74 52 80 9 89 40 99 -41 -25 -12 57 -83 -52 -23 -24 -79 75 -96 22 -2 70 32 3 79 67 -11 53 92 -58 -31 -99 -34 -13 42 19 57 45 6 -68 -68 -95 -72 87 26 -30 41 48 -38 41 -17 72 22 2 18 -25 31 81 -41
21 -11 85 -69 -5 57 -85 -42 18 -5 92 1 30 21 -58 0 29 -34 22 -50 2 37 -92 -79 -94 -30 -27 -98 62 87 -58 79 25 -44 -26 -17 100 84 -52 -38 57 39 85 -12 -58 -52 24 -29 -40 -78 42 29 11 6 -25 68 -42 -100 46 62 65 -38 98 100 21 83 89 -36 -39 -27 90 31 -65 15 68 21 13 26 -73 -33 12 -74 11 -69 -8 -22 -19 93 95 31 -25 -30 -20 -27 1 15 -54 45 -47 67
29 33 18 98 -27 -93 75 59 -86 -88 -15 18 81 -26 100 30 17 -61 73 76 31 87 76 38 95 47 52 -1 48 -30 -96 -34 73 -94 78 -60 -50 -48 -50 17 60 58 -93 -76 55 31 -4 -100 65 90 39 95 -9 31 15 8 -21 97 -55 78 -6 -31 -26 -6 -9 73 -52 90 59 -54 -9 -30 52 -17 66 -56 17 30 -1 -89 34 77 -58 5 -31 -79 17 0 -65 93 -78 -19 74 -97 -16 94 -48 -68 -89 91
-39 -22 -71 1 -24 70 66 -97 -7 -30 3 89 76 -70 -92 31 -87 -11 89 65 9 -11 -72 11 -12 -4 -76 16 81 -33 -34 -27 86 66 47 73 -16 -38 22 97 65 82 -89 -70 -23 -46 -64 -42 -96 41 64 -26 -5 -73 -95 59 45 -46 15 84 -34 86 93 91 43 -86 38 -41 46 -99 68 -15 -82 -63 55 -54 -31 37 12 96 23 68 61 17 87 84 57 -5 82 64 -94 -29 -82 5 -51 -40 -77 39 -37 -43
55 -20 -43 60 66 61 4 6 48 -42 14 -19 -97 30 -38 -82 -94 -69 45 10 -47 -1 87 61 -54 100 -78 -28 -39 5 -90 -69 5 86 -100 -84 -89 -15 -42 89 37 -17 -37 70 -60 -93 8 -42 73 14 79 -63 55 51 -84 93 12 -51 56 -93 -20 88 2 58 26 -52 -48 -20 -82 55 93 77 26 -30 -96 29 -28 -44 -40 -60 -75 -9 -18 -27 -34 -85 -81 -63 -67 -89 19 -29 -63 -82 17 -85 99 53 -2 -85
30 -41 26 -97 35 42 62 97 31 -76 92 -52 19 60 51 88 -43 -3 -44 85 3 79 11 -45 -18 60 -11 -73 77 -88 97 -26 -96 -35 50 52 18 -1 -51 -21 -84 98 -37 27 52 1 83 33 71 42 -55 -58 -79 -86 9 -37 48 -89 31 -70 74 -92 -35 -23 -35 -13 0 68 -44 -85 95 7 29 21 -60 -55 -17 38 -53 -89 -12 -17 -73 54 -23 98 -81 82 -90 77 -81 -30 -24 -56 19 70 35 74 100 -72
-98 19 -17 87 -74 -21 96 74 -35 -94 29 -29 8 -49 -45 88 48 98 -46 67 34 76 39 -35 -27 29 -49 23 7 50 54 -27 18 -73 -65 66 -43 -51 17 -5 -56 67 -50 51 -91 94 34 -99 -44 51 48 5 44 62 -64 0 -87 41 -97 -2 53 -66 25 -57 90 -47 -33 72 34 -40 43 -84 90 -98 -76 -65 50 -30 -59 -71 7 10 99 5 -90 96 33 30 -50 -7 26 -95 9 14 39 40 -50 -76 71 6
-75 -67 -96 -23 11 50 -91 71 -97 -62 -99 -96 46 73 -97 -15 -9 -50 -78 -67 4 49 89 -72 94 97 72 99 -77 -50 -99 74 -76 78 12 -94 -77 -22 -12 -61 13 -1 58 -17 10 38 -36 38 47 -89 51 -25 46 93 -40 -31 -23 26 92 91 -37 -28 -4 -5 -38 70 -32 65 -34 -49 -20 -96 -56 54 -35 87 -28 -9 -11 -23 17 4 68 73 -7 76 72 -97 20 50 32 -62 -79 -39 80 5 -16 -88 74 -21
-1 19 60 -20 38 -43 16 -41 3 -99 -85 -78 -12 -12 -35 -97 78 56 2 -45 -79 55 13 -90 -82 -2 70 36 81 -63 -88 -92 -77 44 80 84 33 -100 -12 -97 52 -14 2 75 84 -66 54 -10 0 -88 -87 -41 38 -65 59 76 99 -2 1 -86 -59 -81 -22 -35 85 -80 77 -65 -15 -58 90 68 45 -1 -85 91 50 -46 6 -45 10 32 -17 -32 63 -78 7 31 -92 68 -70 32 -6 -25 -71 -23 -27 -83 -32 -74
-21 -58 -95 -15 8 -50 -55 15 31 -73 -6 100 -57 93 39 33 -6 52 -61 -24 -92 81 -77 -6 76 5 83 67 -65 37 53 -70 -26 64 -76 67 8 -4 -81 52 -61 -30 92 -22 61 -85 27 70 8 -2 -25 40 -21 42 -45 20 1 14 49 3 -11 -34 18 67 -15 -66 27 41 95 -23 -14 57 -41 98 52 -47 64 11 63 32 -12 16 -15 65 -85 -3 -10 -95 39 28 -8 61 -50 0 -6 -42 70 57 -59 96
39 -45 74 22 41 40 -9 89 -45 70 -48 -45 -60 -2 65 -83 -92 50 56 -29 54 1 -78 35 -83 -100 80 8 11 -92 -42 -5 -97 48 -16 16 58 -24 -3 -29 -69 55 -23 34 51 -92 90 -29 91 50 -60 86 -19 -14 -80 64 14 1 -56 15 74 70 79 -72 -83 -11 -75 -51 92 24 -18 70 -97 -71 -63 58 41 3 -5 -60 -25 96 -76 -19 -97 -94 -97 63 4 -10 -82 28 39 92 -99 -24 -61 93 -5 98
